.Random.seed <-
c(403L, 10L, 1051148047L, -1397497275L, -672594948L, 1784871506L, 
-2022316083L, 618107271L, 1759519854L, -2052817848L, -21273013L, 
-631350359L, 1272861432L, -1420560858L, -2122420415L, 586200275L, 
-110225278L, 18355892L, 364401207L, -371418835L, -1856603580L, 
1184466794L, -179334187L, 1306862959L, -1480925066L, -1148515424L, 
-1816548253L, 456497409L, 296293488L, 104370190L, 1372786809L, 
2076790795L, 1096491322L, 479805500L, 350955391L, -473842475L, 
2100076780L, -1296278974L, -1325072995L, -900544489L, -1771778690L, 
1095545656L, -1933661157L, 1155323257L, -1978268728L, -2036748298L, 
1621742129L, 1788879971L, 657034290L, 387713412L, 2107912135L, 
-342154595L, 1599095316L, 1946431674L, 433888517L, 1278486239L, 
1770367846L, 2081901296L, 1459755539L, -1723894863L, 57843296L, 
1863470078L, -893799543L, 153392315L, -1359851382L, 519943020L, 
760445167L, -136473819L, 1602035164L, 996723634L, -1543785811L, 
1555450471L, 1307941262L, -625217944L, 1131510379L, -1512090615L, 
-2013787496L, 1154379206L, -950489823L, 1303199155L, -1935034078L, 
279802644L, -439424105L, 1438774157L, -1284247900L, -1591525238L, 
1087448821L, -1718380209L, 587470422L, -1978929920L, -558581693L, 
-81994783L, 2131755856L, -1585236562L, 2120276825L, 1528402283L, 
2011486426L, -2008313444L, -1267466849L, -1525141515L, -745218420L, 
-462374046L, -2123246787L, -1965775945L, 742139998L, 71878040L, 
1849848059L, 513764505L, 28847400L, -669033514L, -1239769007L, 
260264707L, 311976594L, -1276653532L, 1073233639L, -1552444611L, 
-381031500L, -1196746726L, -250844315L, -491375105L, 1645836422L, 
-1074125808L, 538744499L, -616266415L, -1202529024L, -1191647266L, 
1444946985L, -757840933L, -463415062L, 1719039628L, 809413071L, 
815701381L, -1102936516L, 1373784850L, -847484915L, -1786717369L, 
-212299474L, -707323768L, -1656275573L, -359348887L, 276735800L, 
1387571686L, -1292923519L, -1410686701L, 1041776322L, -1178093196L, 
1400381815L, -1632636307L, -793805564L, -1234315222L, 1338750357L, 
2033457711L, -648517834L, 1670403936L, -843956829L, 165213889L, 
835292848L, 1687448014L, -1432715975L, -1988759221L, 1934103290L, 
1387365372L, -1282481089L, -961667819L, -1090484692L, -1004798L, 
850491357L, 286646999L, -709919298L, -817743880L, 1141027803L, 
1006898745L, 1116657544L, 946939702L, -2085939855L, 811388835L, 
-267061518L, 222871108L, -1670848249L, -244836131L, -615887404L, 
-350764806L, -528328635L, -6217569L, -1585034714L, -2092400976L, 
-101883053L, -283701647L, -395791456L, -194079938L, 974584393L, 
1789857531L, 33951434L, 487149612L, 1972447279L, -836560667L, 
1232990620L, 1286806514L, -679270803L, 257962919L, -1344049714L, 
1999022888L, -158801621L, 1208032073L, 2074599512L, 1415206150L, 
-685637407L, 1571682419L, 1038046434L, 996484180L, 915310935L, 
1575545165L, -1992553244L, 339062986L, 523017525L, 110736271L, 
-2103793514L, -685000640L, -845618941L, -1445409503L, -140222960L, 
328052206L, -1363730023L, -1360466389L, -81807590L, -2077782564L, 
2119234527L, -1716390987L, 243928396L, -944165656L, -686755590L, 
1386809040L, 1728604972L, 659206388L, 883325330L, -302219936L, 
-204202996L, 1251433696L, -773778846L, -93420376L, -197321652L, 
542492540L, 934304050L, 513098352L, 2004632388L, -266935336L, 
-369986694L, 965859376L, 1072279484L, 1979626068L, 448565314L, 
1216614048L, -1311620420L, 299953104L, 446020962L, -1680306456L, 
793472204L, -1700601348L, 252460530L, -1359731584L, 1635690996L, 
-1900098936L, -1352230086L, -487256752L, -1008055188L, 1597134228L, 
-159285166L, 2001542624L, 93476044L, 1972190880L, 916648322L, 
683796712L, -485389588L, -1532795588L, 913854578L, -1251216784L, 
824113700L, -286218184L, -631346918L, -318593840L, 1473636668L, 
-1337404524L, 1757677442L, -1747686464L, 1104803388L, -1260052080L, 
-25315294L, -1172548344L, 1292019852L, 1429597980L, 765400210L, 
1479169408L, 131022868L, -2080782552L, -511752646L, -1138519600L, 
1871722860L, 410960820L, 1016564242L, -1497421856L, -1293047348L, 
-1406699296L, -1360475102L, 949662504L, 706599436L, 704213820L, 
1371353074L, 162390768L, 1509431876L, 97009240L, 91797306L, 1005260784L, 
-1755077956L, -964791020L, -1700119358L, -770565024L, -519510660L, 
1726226384L, -15019742L, -1271056728L, -713746548L, -308321092L, 
2043558706L, -1436645824L, -806599500L, 287044680L, -554027590L, 
1126726160L, -636510996L, 1880850772L, -172100846L, -1004114528L, 
864729804L, -238945696L, 388550594L, -1509625048L, -689768020L, 
1808227644L, 1324391282L, -658051792L, -1356830940L, -2117597896L, 
-249477414L, 1577869200L, -113091844L, 185768852L, -1728809918L, 
-46926592L, -602404804L, -1651262128L, -1510906718L, 2001218376L, 
-1741201652L, -2069676324L, -1838043310L, 587347584L, 1187313748L, 
-1507638296L, 1949199098L, 1384944976L, 469172012L, 1200464756L, 
-264952942L, 56636000L, -707225716L, 569587552L, -1386314782L, 
-1066624088L, 2097499340L, 883333628L, -1436207182L, -2041428496L, 
-1425906236L, -1155122856L, -1891234438L, 1892400560L, -1684331588L, 
-2082009004L, 1629614018L, 481239072L, 1405644988L, 1287690832L, 
1841735650L, -1354105240L, 517852748L, 1651273980L, -590891022L, 
-1638685440L, 588161908L, 1102946312L, -1711967814L, 1264704976L, 
-1776995348L, -449557612L, 889609170L, 294823776L, -1955905204L, 
-1142607584L, 960466818L, -327285016L, 686643436L, 1695143484L, 
1723052914L, 720557680L, 1593009188L, 881127224L, -506013542L, 
445148880L, -595473220L, 1468500628L, -815668606L, 1859981504L, 
-854031044L, 802052240L, -2011408862L, 1585771016L, -664699636L, 
-451804516L, 354924050L, -775530112L, 1664145940L, -1496768984L, 
-301047494L, -1660113968L, 716099180L, 1372619572L, 1592697490L, 
727000416L, 198876492L, 1956574176L, 802574242L, -922304600L, 
1395861388L, 1927350972L, 1605534578L, -475895568L, 91264068L, 
-287771304L, 734654522L, 1886901104L, 1707590716L, -1037432044L, 
416748994L, 841485536L, -1500307588L, 1275569872L, -913294686L, 
1747858472L, 625156364L, 449829820L, -815944398L, 1472137152L, 
-72726988L, -996715576L, -658314054L, -1219485808L, -615496026L, 
1703302739L, 429623221L, -1217895150L, 2117697248L, -51788983L, 
-1768571525L, 1482135628L, 1968431578L, 1133042639L, -1278929511L, 
684092846L, 1181391548L, -1728562387L, 298338519L, -3673824L, 
-164702594L, 999858251L, 2035972685L, -97556358L, 830838968L, 
-1055950239L, 103227411L, 1482985012L, 1624336450L, -394540969L, 
-1105499231L, -1550873498L, -1081801628L, -1154015339L, -1920173889L, 
-1742337960L, -1932878730L, 16557187L, -687962939L, 1445741026L, 
558786640L, 2045598073L, 1190387371L, -731720164L, 1322737994L, 
-779226817L, 316561289L, 496768926L, -1308129716L, -1971965923L, 
-86679129L, -1260190512L, -1654397330L, 1427161371L, -750710147L, 
-1913632662L, -691251960L, -396557903L, -2127456733L, -652045532L, 
-1291717678L, 610185255L, -2124625295L, -1906589514L, 1095120980L, 
-1385322267L, 1419994351L, -1408645080L, -1559012218L, 419657395L, 
-1996081131L, -736855438L, 528434880L, -789710039L, -1004701285L, 
850001516L, -34528646L, 1916412847L, 1586673337L, -783238962L, 
642462236L, -1466345075L, 423385079L, -1625883904L, 182944094L, 
-2004532693L, 2032790829L, 1880813978L, -339816616L, 615876289L, 
-774932109L, 1132376724L, 1534093090L, 887702071L, -1551218943L, 
1277771270L, -2059221948L, -1151797899L, -1028712225L, 1003351096L, 
1231277078L, 1821207587L, 1050975205L, 272125442L, 1945379952L, 
1541100057L, -1882784757L, -781754628L, -1054517462L, -15337121L, 
-2081124119L, 1975248894L, 739519468L, -1344889027L, -907771129L, 
273341168L, -974028146L, 2105679035L, 509180061L, 510788682L, 
1829330536L, 1924895313L, -1150906045L, 162203716L, -1216361742L, 
1709757127L, 1107062929L, 1406107158L, -1217233804L, 1793455877L, 
704615759L, -1913591992L, -1184207130L, -1663692781L, 1354868597L, 
-1216592046L, 1002389408L, 1248840329L, 1378184891L, 2077056268L, 
1036148890L, 413341199L, -1744289191L, -1513537810L, 1607605628L, 
1222974957L, -252773737L, 1481528672L, -386232002L, 317241867L, 
